(0, 0): 1
(0, 1): 2
(0, 2): 1
(0, 3): 1
(0, 4): 1
(0, 5): 1
(0, 6): 1
(0, 7): 1
(0, 8): 1
(0, 9): 1
(0, 10): 1
(0, 11): 2
(0, 12): 2
(0, 13): 2
(0, 14): 2
(0, 15): 2
(0, 16): 2
(0, 17): 2
(0, 18): 2
(0, 19): 2
(0, 20): 2
(0, 21): 2
(0, 22): 2
(0, 23): 2
(0, 24): 1
(0, 25): 1
(0, 26): 2
(0, 27): 1
(0, 28): 1
(0, 29): 1
(0, 30): 1
(0, 31): 1
(0, 32): 1
(0, 33): 1
(0, 34): 1
(0, 35): 1
(0, 36): 1
(0, 37): 1
(0, 38): 1
(0, 39): 1
(0, 40): 1
(0, 41): 1
(0, 42): 1
(0, 43): 1
(0, 44): 1
(0, 45): 1
(0, 46): 1
(0, 47): 1
(0, 48): 1
(0, 49): 1
(0, 50): 1
(0, 51): 1
(0, 52): 1
(0, 53): 1
(0, 54): 1
(0, 55): 1
(1, 0): 2
(1, 1): 2
(1, 2): 1
(1, 3): 1
(1, 4): 1
(1, 5): 1
(1, 6): 2
(1, 7): 2
(1, 8): 2
(1, 9): 1
(1, 10): 1
(1, 11): 1
(1, 12): 1
(1, 13): 1
(1, 14): 1
(1, 15): 1
(1, 16): 1
(1, 17): 1
(1, 18): 1
(1, 19): 1
(1, 20): 2
(1, 21): 2
(1, 22): 1
(1, 23): 1
(1, 24): 1
(1, 25): 1
(1, 26): 2
(1, 27): 1
(1, 28): 1
(1, 29): 1
(1, 30): 1
(1, 31): 1
(1, 32): 1
(1, 33): 1
(1, 34): 1
(1, 35): 1
(1, 36): 1
(1, 37): 1
(1, 38): 1
(1, 39): 1
(1, 40): 1
(1, 41): 1
(1, 42): 1
(1, 43): 1
(1, 44): 1
(1, 45): 1
(1, 46): 1
(1, 47): 1
(1, 48): 1
(1, 49): 1
(1, 50): 1
(1, 51): 1
(1, 52): 1
(1, 53): 1
(1, 54): 1
(1, 55): 1
(2, 0): 1
(2, 1): 1
(2, 2): 1
(2, 3): 1
(2, 4): 1
(2, 5): 2
(2, 6): 2
(2, 7): 2
(2, 8): 2
(2, 9): 2
(2, 10): 2
(2, 11): 2
(2, 12): 1
(2, 13): 1
(2, 14): 1
(2, 15): 1
(2, 16): 1
(2, 17): 1
(2, 18): 1
(2, 19): 1
(2, 20): 1
(2, 21): 1
(2, 22): 1
(2, 23): 1
(2, 24): 1
(2, 25): 1
(2, 26): 2
(2, 27): 2
(2, 28): 2
(2, 29): 2
(2, 30): 1
(2, 31): 1
(2, 32): 1
(2, 33): 1
(2, 34): 1
(2, 35): 1
(2, 36): 1
(2, 37): 1
(2, 38): 1
(2, 39): 1
(2, 40): 1
(2, 41): 1
(2, 42): 1
(2, 43): 1
(2, 44): 1
(2, 45): 1
(2, 46): 1
(2, 47): 1
(2, 48): 1
(2, 49): 1
(2, 50): 1
(2, 51): 1
(2, 52): 1
(2, 53): 1
(2, 54): 1
(2, 55): 1
(3, 0): 1
(3, 1): 1
(3, 2): 1
(3, 3): 1
(3, 4): 1
(3, 5): 2
(3, 6): 2
(3, 7): 2
(3, 8): 2
(3, 9): 2
(3, 10): 2
(3, 11): 2
(3, 12): 2
(3, 13): 2
(3, 14): 2
(3, 15): 1
(3, 16): 1
(3, 17): 1
(3, 18): 1
(3, 19): 1
(3, 20): 1
(3, 21): 1
(3, 22): 1
(3, 23): 1
(3, 24): 1
(3, 25): 1
(3, 26): 2
(3, 27): 2
(3, 28): 2
(3, 29): 2
(3, 30): 1
(3, 31): 1
(3, 32): 1
(3, 33): 1
(3, 34): 1
(3, 35): 1
(3, 36): 1
(3, 37): 1
(3, 38): 1
(3, 39): 1
(3, 40): 1
(3, 41): 1
(3, 42): 1
(3, 43): 1
(3, 44): 1
(3, 45): 1
(3, 46): 1
(3, 47): 1
(3, 48): 1
(3, 49): 1
(3, 50): 1
(3, 51): 1
(3, 52): 1
(3, 53): 1
(3, 54): 1
(3, 55): 1
(4, 0): 1
(4, 1): 1
(4, 2): 1
(4, 3): 1
(4, 4): 2
(4, 5): 2
(4, 6): 2
(4, 7): 2
(4, 8): 2
(4, 9): 2
(4, 10): 2
(4, 11): 2
(4, 12): 2
(4, 13): 2
(4, 14): 2
(4, 15): 2
(4, 16): 2
(4, 17): 2
(4, 18): 1
(4, 19): 1
(4, 20): 1
(4, 21): 1
(4, 22): 1
(4, 23): 1
(4, 24): 1
(4, 25): 1
(4, 26): 2
(4, 27): 2
(4, 28): 2
(4, 29): 2
(4, 30): 1
(4, 31): 1
(4, 32): 1
(4, 33): 1
(4, 34): 1
(4, 35): 1
(4, 36): 1
(4, 37): 1
(4, 38): 1
(4, 39): 1
(4, 40): 1
(4, 41): 1
(4, 42): 1
(4, 43): 1
(4, 44): 1
(4, 45): 1
(4, 46): 1
(4, 47): 1
(4, 48): 1
(4, 49): 1
(4, 50): 1
(4, 51): 1
(4, 52): 1
(4, 53): 1
(4, 54): 1
(4, 55): 1
(5, 0): 1
(5, 1): 1
(5, 2): 1
(5, 3): 1
(5, 4): 1
(5, 5): 2
(5, 6): 2
(5, 7): 1
(5, 8): 1
(5, 9): 1
(5, 10): 1
(5, 11): 1
(5, 12): 1
(5, 13): 1
(5, 14): 2
(5, 15): 2
(5, 16): 2
(5, 17): 2
(5, 18): 2
(5, 19): 1
(5, 20): 1
(5, 21): 1
(5, 22): 1
(5, 23): 1
(5, 24): 1
(5, 25): 1
(5, 26): 2
(5, 27): 2
(5, 28): 2
(5, 29): 2
(5, 30): 1
(5, 31): 1
(5, 32): 1
(5, 33): 1
(5, 34): 1
(5, 35): 1
(5, 36): 1
(5, 37): 1
(5, 38): 1
(5, 39): 1
(5, 40): 1
(5, 41): 1
(5, 42): 1
(5, 43): 1
(5, 44): 1
(5, 45): 1
(5, 46): 1
(5, 47): 1
(5, 48): 1
(5, 49): 1
(5, 50): 1
(5, 51): 1
(5, 52): 1
(5, 53): 1
(5, 54): 1
(5, 55): 1
(6, 0): 1
(6, 1): 1
(6, 2): 1
(6, 3): 1
(6, 4): 2
(6, 5): 2
(6, 6): 1
(6, 7): 1
(6, 8): 1
(6, 9): 1
(6, 10): 1
(6, 11): 1
(6, 12): 1
(6, 13): 1
(6, 14): 1
(6, 15): 1
(6, 16): 1
(6, 17): 2
(6, 18): 1
(6, 19): 1
(6, 20): 1
(6, 21): 1
(6, 22): 1
(6, 23): 1
(6, 24): 1
(6, 25): 1
(6, 26): 2
(6, 27): 2
(6, 28): 2
(6, 29): 2
(6, 30): 1
(6, 31): 1
(6, 32): 1
(6, 33): 1
(6, 34): 1
(6, 35): 1
(6, 36): 1
(6, 37): 1
(6, 38): 1
(6, 39): 1
(6, 40): 1
(6, 41): 1
(6, 42): 1
(6, 43): 1
(6, 44): 1
(6, 45): 1
(6, 46): 1
(6, 47): 1
(6, 48): 1
(6, 49): 1
(6, 50): 1
(6, 51): 1
(6, 52): 1
(6, 53): 1
(6, 54): 1
(6, 55): 1
(7, 0): 2
(7, 1): 2
(7, 2): 2
(7, 3): 2
(7, 4): 2
(7, 5): 1
(7, 6): 2
(7, 7): 1
(7, 8): 1
(7, 9): 1
(7, 10): 2
(7, 11): 2
(7, 12): 2
(7, 13): 2
(7, 14): 2
(7, 15): 2
(7, 16): 1
(7, 17): 2
(7, 18): 2
(7, 19): 2
(7, 20): 2
(7, 21): 2
(7, 22): 2
(7, 23): 2
(7, 24): 2
(7, 25): 1
(7, 26): 2
(7, 27): 2
(7, 28): 2
(7, 29): 2
(7, 30): 2
(7, 31): 2
(7, 32): 2
(7, 33): 2
(7, 34): 2
(7, 35): 2
(7, 36): 2
(7, 37): 2
(7, 38): 2
(7, 39): 2
(7, 40): 2
(7, 41): 2
(7, 42): 2
(7, 43): 2
(7, 44): 2
(7, 45): 2
(7, 46): 1
(7, 47): 1
(7, 48): 1
(7, 49): 1
(7, 50): 1
(7, 51): 1
(7, 52): 1
(7, 53): 1
(7, 54): 1
(7, 55): 1
(8, 0): 1
(8, 1): 2
(8, 2): 2
(8, 3): 2
(8, 4): 2
(8, 5): 1
(8, 6): 1
(8, 7): 1
(8, 8): 1
(8, 9): 1
(8, 10): 1
(8, 11): 1
(8, 12): 1
(8, 13): 1
(8, 14): 1
(8, 15): 1
(8, 16): 1
(8, 17): 1
(8, 18): 2
(8, 19): 1
(8, 20): 1
(8, 21): 1
(8, 22): 1
(8, 23): 1
(8, 24): 1
(8, 25): 1
(8, 26): 1
(8, 27): 2
(8, 28): 1
(8, 29): 1
(8, 30): 1
(8, 31): 1
(8, 32): 1
(8, 33): 1
(8, 34): 1
(8, 35): 1
(8, 36): 1
(8, 37): 1
(8, 38): 1
(8, 39): 1
(8, 40): 2
(8, 41): 2
(8, 42): 2
(8, 43): 2
(8, 44): 2
(8, 45): 2
(8, 46): 2
(8, 47): 2
(8, 48): 2
(8, 49): 2
(8, 50): 2
(8, 51): 2
(8, 52): 1
(8, 53): 1
(8, 54): 1
(8, 55): 1
(9, 0): 1
(9, 1): 2
(9, 2): 2
(9, 3): 1
(9, 4): 1
(9, 5): 1
(9, 6): 1
(9, 7): 1
(9, 8): 1
(9, 9): 1
(9, 10): 1
(9, 11): 1
(9, 12): 1
(9, 13): 1
(9, 14): 1
(9, 15): 1
(9, 16): 1
(9, 17): 1
(9, 18): 2
(9, 19): 1
(9, 20): 1
(9, 21): 3
(9, 22): 1
(9, 23): 1
(9, 24): 1
(9, 25): 3
(9, 26): 1
(9, 27): 2
(9, 28): 1
(9, 29): 1
(9, 30): 1
(9, 31): 3
(9, 32): 1
(9, 33): 1
(9, 34): 1
(9, 35): 1
(9, 36): 1
(9, 37): 3
(9, 38): 1
(9, 39): 1
(9, 40): 1
(9, 41): 3
(9, 42): 1
(9, 43): 1
(9, 44): 1
(9, 45): 1
(9, 46): 1
(9, 47): 3
(9, 48): 1
(9, 49): 1
(9, 50): 1
(9, 51): 2
(9, 52): 1
(9, 53): 1
(9, 54): 1
(9, 55): 1
(10, 0): 3
(10, 1): 3
(10, 2): 3
(10, 3): 2
(10, 4): 1
(10, 5): 2
(10, 6): 1
(10, 7): 3
(10, 8): 3
(10, 9): 1
(10, 10): 3
(10, 11): 1
(10, 12): 3
(10, 13): 3
(10, 14): 1
(10, 15): 3
(10, 16): 1
(10, 17): 3
(10, 18): 3
(10, 19): 1
(10, 20): 1
(10, 21): 3
(10, 22): 1
(10, 23): 3
(10, 24): 1
(10, 25): 3
(10, 26): 1
(10, 27): 2
(10, 28): 1
(10, 29): 3
(10, 30): 1
(10, 31): 3
(10, 32): 1
(10, 33): 3
(10, 34): 1
(10, 35): 1
(10, 36): 1
(10, 37): 3
(10, 38): 1
(10, 39): 3
(10, 40): 1
(10, 41): 3
(10, 42): 1
(10, 43): 1
(10, 44): 1
(10, 45): 3
(10, 46): 1
(10, 47): 3
(10, 48): 1
(10, 49): 3
(10, 50): 1
(10, 51): 2
(10, 52): 1
(10, 53): 1
(10, 54): 1
(10, 55): 1
(11, 0): 2
(11, 1): 4
(11, 2): 3
(11, 3): 1
(11, 4): 1
(11, 5): 1
(11, 6): 1
(11, 7): 1
(11, 8): 1
(11, 9): 1
(11, 10): 1
(11, 11): 1
(11, 12): 1
(11, 13): 1
(11, 14): 1
(11, 15): 1
(11, 16): 1
(11, 17): 2
(11, 18): 1
(11, 19): 1
(11, 20): 1
(11, 21): 1
(11, 22): 1
(11, 23): 3
(11, 24): 1
(11, 25): 1
(11, 26): 1
(11, 27): 2
(11, 28): 1
(11, 29): 3
(11, 30): 1
(11, 31): 3
(11, 32): 1
(11, 33): 3
(11, 34): 1
(11, 35): 1
(11, 36): 1
(11, 37): 3
(11, 38): 1
(11, 39): 3
(11, 40): 1
(11, 41): 3
(11, 42): 1
(11, 43): 1
(11, 44): 1
(11, 45): 3
(11, 46): 1
(11, 47): 1
(11, 48): 1
(11, 49): 3
(11, 50): 1
(11, 51): 2
(11, 52): 1
(11, 53): 1
(11, 54): 1
(11, 55): 1
(12, 0): 1
(12, 1): 3
(12, 2): 3
(12, 3): 1
(12, 4): 2
(12, 5): 1
(12, 6): 3
(12, 7): 3
(12, 8): 1
(12, 9): 3
(12, 10): 1
(12, 11): 3
(12, 12): 3
(12, 13): 3
(12, 14): 3
(12, 15): 1
(12, 16): 2
(12, 17): 2
(12, 18): 1
(12, 19): 1
(12, 20): 1
(12, 21): 3
(12, 22): 1
(12, 23): 1
(12, 24): 1
(12, 25): 3
(12, 26): 1
(12, 27): 2
(12, 28): 1
(12, 29): 1
(12, 30): 1
(12, 31): 3
(12, 32): 1
(12, 33): 1
(12, 34): 1
(12, 35): 1
(12, 36): 1
(12, 37): 3
(12, 38): 1
(12, 39): 1
(12, 40): 1
(12, 41): 3
(12, 42): 1
(12, 43): 1
(12, 44): 1
(12, 45): 1
(12, 46): 1
(12, 47): 3
(12, 48): 1
(12, 49): 1
(12, 50): 1
(12, 51): 2
(12, 52): 1
(12, 53): 1
(12, 54): 1
(12, 55): 1
(13, 0): 1
(13, 1): 1
(13, 2): 1
(13, 3): 1
(13, 4): 1
(13, 5): 1
(13, 6): 1
(13, 7): 1
(13, 8): 1
(13, 9): 1
(13, 10): 1
(13, 11): 1
(13, 12): 1
(13, 13): 1
(13, 14): 1
(13, 15): 2
(13, 16): 2
(13, 17): 2
(13, 18): 1
(13, 19): 1
(13, 20): 1
(13, 21): 1
(13, 22): 1
(13, 23): 3
(13, 24): 1
(13, 25): 1
(13, 26): 1
(13, 27): 2
(13, 28): 1
(13, 29): 3
(13, 30): 1
(13, 31): 1
(13, 32): 1
(13, 33): 3
(13, 34): 1
(13, 35): 1
(13, 36): 1
(13, 37): 1
(13, 38): 1
(13, 39): 3
(13, 40): 1
(13, 41): 1
(13, 42): 1
(13, 43): 1
(13, 44): 1
(13, 45): 3
(13, 46): 1
(13, 47): 1
(13, 48): 1
(13, 49): 3
(13, 50): 1
(13, 51): 2
(13, 52): 1
(13, 53): 1
(13, 54): 1
(13, 55): 1
(14, 0): 3
(14, 1): 3
(14, 2): 3
(14, 3): 3
(14, 4): 1
(14, 5): 3
(14, 6): 1
(14, 7): 3
(14, 8): 3
(14, 9): 1
(14, 10): 3
(14, 11): 1
(14, 12): 3
(14, 13): 3
(14, 14): 2
(14, 15): 3
(14, 16): 2
(14, 17): 3
(14, 18): 1
(14, 19): 1
(14, 20): 1
(14, 21): 3
(14, 22): 1
(14, 23): 3
(14, 24): 1
(14, 25): 3
(14, 26): 1
(14, 27): 2
(14, 28): 1
(14, 29): 3
(14, 30): 1
(14, 31): 3
(14, 32): 1
(14, 33): 3
(14, 34): 1
(14, 35): 1
(14, 36): 1
(14, 37): 3
(14, 38): 1
(14, 39): 1
(14, 40): 1
(14, 41): 3
(14, 42): 1
(14, 43): 1
(14, 44): 1
(14, 45): 1
(14, 46): 1
(14, 47): 3
(14, 48): 1
(14, 49): 3
(14, 50): 1
(14, 51): 2
(14, 52): 1
(14, 53): 1
(14, 54): 1
(14, 55): 1
(15, 0): 1
(15, 1): 1
(15, 2): 1
(15, 3): 1
(15, 4): 1
(15, 5): 1
(15, 6): 1
(15, 7): 1
(15, 8): 1
(15, 9): 1
(15, 10): 1
(15, 11): 1
(15, 12): 1
(15, 13): 1
(15, 14): 2
(15, 15): 2
(15, 16): 1
(15, 17): 1
(15, 18): 1
(15, 19): 1
(15, 20): 1
(15, 21): 3
(15, 22): 1
(15, 23): 1
(15, 24): 1
(15, 25): 3
(15, 26): 1
(15, 27): 2
(15, 28): 1
(15, 29): 3
(15, 30): 1
(15, 31): 3
(15, 32): 1
(15, 33): 3
(15, 34): 1
(15, 35): 1
(15, 36): 1
(15, 37): 3
(15, 38): 1
(15, 39): 3
(15, 40): 1
(15, 41): 3
(15, 42): 1
(15, 43): 1
(15, 44): 1
(15, 45): 3
(15, 46): 1
(15, 47): 3
(15, 48): 1
(15, 49): 3
(15, 50): 1
(15, 51): 2
(15, 52): 1
(15, 53): 1
(15, 54): 1
(15, 55): 1
(16, 0): 1
(16, 1): 1
(16, 2): 1
(16, 3): 1
(16, 4): 1
(16, 5): 1
(16, 6): 1
(16, 7): 1
(16, 8): 1
(16, 9): 3
(16, 10): 1
(16, 11): 2
(16, 12): 3
(16, 13): 2
(16, 14): 3
(16, 15): 2
(16, 16): 3
(16, 17): 1
(16, 18): 1
(16, 19): 1
(16, 20): 1
(16, 21): 1
(16, 22): 1
(16, 23): 3
(16, 24): 1
(16, 25): 3
(16, 26): 1
(16, 27): 2
(16, 28): 1
(16, 29): 3
(16, 30): 1
(16, 31): 3
(16, 32): 1
(16, 33): 3
(16, 34): 1
(16, 35): 1
(16, 36): 1
(16, 37): 3
(16, 38): 1
(16, 39): 3
(16, 40): 1
(16, 41): 3
(16, 42): 1
(16, 43): 1
(16, 44): 1
(16, 45): 3
(16, 46): 1
(16, 47): 1
(16, 48): 1
(16, 49): 3
(16, 50): 1
(16, 51): 2
(16, 52): 1
(16, 53): 1
(16, 54): 1
(16, 55): 1
(17, 0): 1
(17, 1): 1
(17, 2): 1
(17, 3): 1
(17, 4): 1
(17, 5): 1
(17, 6): 1
(17, 7): 1
(17, 8): 1
(17, 9): 1
(17, 10): 1
(17, 11): 1
(17, 12): 2
(17, 13): 2
(17, 14): 2
(17, 15): 2
(17, 16): 1
(17, 17): 1
(17, 18): 1
(17, 19): 1
(17, 20): 1
(17, 21): 3
(17, 22): 1
(17, 23): 1
(17, 24): 1
(17, 25): 3
(17, 26): 1
(17, 27): 2
(17, 28): 1
(17, 29): 1
(17, 30): 1
(17, 31): 3
(17, 32): 1
(17, 33): 1
(17, 34): 1
(17, 35): 1
(17, 36): 1
(17, 37): 3
(17, 38): 1
(17, 39): 1
(17, 40): 1
(17, 41): 3
(17, 42): 1
(17, 43): 1
(17, 44): 1
(17, 45): 1
(17, 46): 1
(17, 47): 3
(17, 48): 1
(17, 49): 1
(17, 50): 1
(17, 51): 2
(17, 52): 1
(17, 53): 1
(17, 54): 1
(17, 55): 1
(18, 0): 1
(18, 1): 1
(18, 2): 1
(18, 3): 1
(18, 4): 1
(18, 5): 1
(18, 6): 1
(18, 7): 1
(18, 8): 1
(18, 9): 1
(18, 10): 3
(18, 11): 1
(18, 12): 3
(18, 13): 3
(18, 14): 3
(18, 15): 3
(18, 16): 1
(18, 17): 3
(18, 18): 1
(18, 19): 1
(18, 20): 1
(18, 21): 1
(18, 22): 1
(18, 23): 3
(18, 24): 1
(18, 25): 1
(18, 26): 1
(18, 27): 2
(18, 28): 2
(18, 29): 3
(18, 30): 1
(18, 31): 1
(18, 32): 1
(18, 33): 3
(18, 34): 1
(18, 35): 1
(18, 36): 1
(18, 37): 1
(18, 38): 1
(18, 39): 3
(18, 40): 1
(18, 41): 1
(18, 42): 1
(18, 43): 1
(18, 44): 1
(18, 45): 3
(18, 46): 1
(18, 47): 1
(18, 48): 1
(18, 49): 3
(18, 50): 1
(18, 51): 2
(18, 52): 1
(18, 53): 1
(18, 54): 1
(18, 55): 1
(19, 0): 1
(19, 1): 1
(19, 2): 1
(19, 3): 1
(19, 4): 1
(19, 5): 1
(19, 6): 1
(19, 7): 1
(19, 8): 1
(19, 9): 1
(19, 10): 1
(19, 11): 2
(19, 12): 2
(19, 13): 1
(19, 14): 1
(19, 15): 1
(19, 16): 1
(19, 17): 1
(19, 18): 1
(19, 19): 1
(19, 20): 1
(19, 21): 3
(19, 22): 1
(19, 23): 3
(19, 24): 1
(19, 25): 3
(19, 26): 1
(19, 27): 1
(19, 28): 2
(19, 29): 1
(19, 30): 1
(19, 31): 3
(19, 32): 1
(19, 33): 1
(19, 34): 1
(19, 35): 1
(19, 36): 1
(19, 37): 3
(19, 38): 1
(19, 39): 1
(19, 40): 1
(19, 41): 3
(19, 42): 1
(19, 43): 1
(19, 44): 1
(19, 45): 1
(19, 46): 1
(19, 47): 3
(19, 48): 1
(19, 49): 3
(19, 50): 1
(19, 51): 2
(19, 52): 1
(19, 53): 1
(19, 54): 1
(19, 55): 1
(20, 0): 1
(20, 1): 1
(20, 2): 1
(20, 3): 1
(20, 4): 1
(20, 5): 1
(20, 6): 1
(20, 7): 1
(20, 8): 3
(20, 9): 3
(20, 10): 2
(20, 11): 3
(20, 12): 3
(20, 13): 3
(20, 14): 3
(20, 15): 1
(20, 16): 3
(20, 17): 1
(20, 18): 1
(20, 19): 1
(20, 20): 1
(20, 21): 3
(20, 22): 1
(20, 23): 3
(20, 24): 1
(20, 25): 3
(20, 26): 1
(20, 27): 1
(20, 28): 2
(20, 29): 3
(20, 30): 1
(20, 31): 1
(20, 32): 1
(20, 33): 3
(20, 34): 1
(20, 35): 1
(20, 36): 1
(20, 37): 1
(20, 38): 1
(20, 39): 3
(20, 40): 1
(20, 41): 3
(20, 42): 1
(20, 43): 1
(20, 44): 1
(20, 45): 3
(20, 46): 1
(20, 47): 3
(20, 48): 1
(20, 49): 3
(20, 50): 1
(20, 51): 1
(20, 52): 1
(20, 53): 1
(20, 54): 1
(20, 55): 1
(21, 0): 1
(21, 1): 1
(21, 2): 1
(21, 3): 1
(21, 4): 1
(21, 5): 1
(21, 6): 1
(21, 7): 1
(21, 8): 1
(21, 9): 1
(21, 10): 2
(21, 11): 1
(21, 12): 1
(21, 13): 1
(21, 14): 1
(21, 15): 1
(21, 16): 1
(21, 17): 1
(21, 18): 1
(21, 19): 1
(21, 20): 1
(21, 21): 3
(21, 22): 1
(21, 23): 3
(21, 24): 1
(21, 25): 3
(21, 26): 1
(21, 27): 1
(21, 28): 2
(21, 29): 3
(21, 30): 1
(21, 31): 3
(21, 32): 1
(21, 33): 3
(21, 34): 1
(21, 35): 1
(21, 36): 1
(21, 37): 3
(21, 38): 1
(21, 39): 3
(21, 40): 1
(21, 41): 3
(21, 42): 1
(21, 43): 1
(21, 44): 1
(21, 45): 3
(21, 46): 1
(21, 47): 3
(21, 48): 1
(21, 49): 3
(21, 50): 1
(21, 51): 1
(21, 52): 1
(21, 53): 1
(21, 54): 1
(21, 55): 1
