(0, 0): (1, 1.0)
(0, 1): (1, 1.0)
(0, 2): (1, 1.0)
(0, 3): (1, 1.0)
(0, 4): (1, 1.2844444444444443)
(0, 5): (1, 1.6044444444444443)
(0, 6): (2, 1.7777777777777777)
(0, 7): (1, 1.9599999999999997)
(0, 8): (1, 2.1511111111111108)
(0, 9): (1, 1.9599999999999997)
(1, 0): (1, 1.0)
(1, 1): (1, 1.0)
(1, 2): (1, 1.0)
(1, 3): (1, 1.0)
(1, 4): (1, 1.2100000000000002)
(1, 5): (1, 1.5625)
(1, 6): (2, 1.8225000000000002)
(1, 7): (2, 2.1025)
(1, 8): (1, 2.4025000000000003)
(1, 9): (1, 2.4025000000000003)
(2, 0): (1, 1.0)
(2, 1): (1, 1.0)
(2, 2): (1, 1.0)
(2, 3): (1, 1.0)
(2, 4): (1, 1.1664)
(2, 5): (1, 1.5376)
(2, 6): (1, 1.8496000000000004)
(2, 7): (2, 2.1904)
(2, 8): (2, 2.5600000000000005)
(2, 9): (2, 2.6895999999999995)
(3, 0): (1, 1.0)
(3, 1): (1, 1.0)
(3, 2): (1, 1.0)
(3, 3): (1, 1.0)
(3, 4): (1, 1.0816000000000001)
(3, 5): (1, 1.5376)
(3, 6): (1, 1.9599999999999997)
(3, 7): (2, 2.4336)
(3, 8): (2, 2.9583999999999997)
(3, 9): (2, 3.3856)
(4, 0): (1, 1.0)
(4, 1): (1, 1.0)
(4, 2): (1, 1.0)
(4, 3): (1, 1.0)
(4, 4): (1, 1.0)
(4, 5): (1, 1.44)
(4, 6): (1, 1.9599999999999997)
(4, 7): (2, 2.5600000000000005)
(4, 8): (2, 3.24)
(4, 9): (2, 4.0)
(5, 0): (1, 1.0)
(5, 1): (1, 1.0)
(5, 2): (1, 1.0)
(5, 3): (1, 1.0)
(5, 4): (1, 1.0)
(5, 5): (1, 1.44)
(5, 6): (1, 1.8496000000000004)
(5, 7): (2, 2.3104)
(5, 8): (2, 2.8223999999999996)
(5, 9): (2, 3.3856)
(6, 0): (1, 1.44)
(6, 1): (1, 1.44)
(6, 2): (1, 1.3456)
(6, 3): (1, 1.2544000000000002)
(6, 4): (1, 1.2544000000000002)
(6, 5): (1, 1.6384)
(6, 6): (1, 1.9599999999999997)
(6, 7): (2, 2.4336)
(6, 8): (2, 2.9583999999999997)
(6, 9): (2, 3.3856)
(7, 0): (1, 1.44)
(7, 1): (1, 1.44)
(7, 2): (1, 1.3456)
(7, 3): (1, 1.2544000000000002)
(7, 4): (1, 1.2544000000000002)
(7, 5): (1, 1.6384)
(7, 6): (1, 1.8496000000000004)
(7, 7): (2, 2.1904)
(7, 8): (1, 2.5600000000000005)
(7, 9): (1, 2.8223999999999996)
(8, 0): (2, 2.0736)
(8, 1): (2, 2.0736)
(8, 2): (2, 1.7424000000000002)
(8, 3): (2, 1.6384)
(8, 4): (1, 1.6384)
(8, 5): (1, 1.8496000000000004)
(8, 6): (2, 1.9599999999999997)
(8, 7): (2, 2.4336)
(8, 8): (2, 2.6895999999999995)
(8, 9): (2, 2.8223999999999996)
(9, 0): (1, 3.3856)
(9, 1): (1, 3.3856)
(9, 2): (1, 2.6895999999999995)
(9, 3): (1, 2.3104)
(9, 4): (1, 2.1904)
(9, 5): (1, 2.3104)
(9, 6): (1, 2.0736)
(9, 7): (2, 2.4336)
(9, 8): (1, 2.8223999999999996)
(9, 9): (1, 2.9583999999999997)
(10, 0): (1, 5.017600000000001)
(10, 1): (1, 5.017600000000001)
(10, 2): (3, 3.8415999999999997)
(10, 3): (3, 3.0976)
(10, 4): (1, 2.6895999999999995)
(10, 5): (1, 2.5600000000000005)
(10, 6): (1, 2.3104)
(10, 7): (2, 2.9583999999999997)
(10, 8): (3, 3.6864)
(10, 9): (3, 4.1616)
(11, 0): (3, 5.1983999999999995)
(11, 1): (3, 5.1983999999999995)
(11, 2): (3, 3.8415999999999997)
(11, 3): (3, 3.24)
(11, 4): (1, 2.9583999999999997)
(11, 5): (1, 2.8223999999999996)
(11, 6): (2, 2.5600000000000005)
(11, 7): (3, 3.3856)
(11, 8): (1, 4.3264000000000005)
(11, 9): (1, 5.017600000000001)
(12, 0): (3, 5.9536)
(12, 1): (3, 5.9536)
(12, 2): (3, 4.494400000000001)
(12, 3): (3, 3.5343999999999998)
(12, 4): (1, 3.0976)
(12, 5): (1, 3.0976)
(12, 6): (1, 3.0976)
(12, 7): (2, 4.3264000000000005)
(12, 8): (3, 5.76)
(12, 9): (3, 6.760000000000001)
(13, 0): (1, 5.9536)
(13, 1): (1, 5.9536)
(13, 2): (3, 4.494400000000001)
(13, 3): (3, 3.5343999999999998)
(13, 4): (1, 3.0976)
(13, 5): (1, 3.0976)
(13, 6): (2, 3.0976)
(13, 7): (3, 4.3264000000000005)
(13, 8): (3, 5.76)
(13, 9): (3, 6.760000000000001)
(14, 0): (3, 4.840000000000001)
(14, 1): (3, 4.840000000000001)
(14, 2): (1, 3.8415999999999997)
(14, 3): (1, 2.9583999999999997)
(14, 4): (1, 2.5600000000000005)
(14, 5): (1, 2.8223999999999996)
(14, 6): (2, 3.0976)
(14, 7): (3, 4.3264000000000005)
(14, 8): (3, 5.76)
(14, 9): (3, 6.760000000000001)
(15, 0): (1, 4.840000000000001)
(15, 1): (1, 4.840000000000001)
(15, 2): (3, 3.8415999999999997)
(15, 3): (3, 2.9583999999999997)
(15, 4): (1, 2.6895999999999995)
(15, 5): (1, 3.0976)
(15, 6): (1, 3.3856)
(15, 7): (2, 4.6656)
(15, 8): (3, 6.1504)
(15, 9): (3, 6.969600000000001)
(16, 0): (3, 5.569599999999999)
(16, 1): (3, 5.569599999999999)
(16, 2): (1, 4.494400000000001)
(16, 3): (1, 3.24)
(16, 4): (1, 2.6895999999999995)
(16, 5): (1, 3.0976)
(16, 6): (2, 3.3856)
(16, 7): (3, 4.6656)
(16, 8): (1, 6.1504)
(16, 9): (1, 6.969600000000001)
(17, 0): (3, 6.1504)
(17, 1): (3, 6.3504000000000005)
(17, 2): (3, 5.1983999999999995)
(17, 3): (3, 3.8415999999999997)
(17, 4): (1, 3.24)
(17, 5): (1, 3.3856)
(17, 6): (2, 3.3856)
(17, 7): (3, 4.6656)
(17, 8): (3, 6.1504)
(17, 9): (3, 6.969600000000001)
(18, 0): (3, 6.1504)
(18, 1): (3, 6.3504000000000005)
(18, 2): (3, 5.1983999999999995)
(18, 3): (3, 3.8415999999999997)
(18, 4): (1, 3.24)
(18, 5): (1, 3.24)
(18, 6): (2, 3.24)
(18, 7): (3, 4.494400000000001)
(18, 8): (3, 5.9536)
(18, 9): (3, 6.760000000000001)
(19, 0): (3, 6.1504)
(19, 1): (3, 6.3504000000000005)
(19, 2): (3, 5.1983999999999995)
(19, 3): (3, 3.8415999999999997)
(19, 4): (1, 3.3856)
(19, 5): (1, 3.3856)
(19, 6): (2, 3.5343999999999998)
(19, 7): (3, 4.840000000000001)
(19, 8): (3, 6.3504000000000005)
(19, 9): (3, 6.969600000000001)
(20, 0): (1, 5.3824)
(20, 1): (1, 5.569599999999999)
(20, 2): (3, 4.494400000000001)
(20, 3): (3, 3.5343999999999998)
(20, 4): (1, 3.24)
(20, 5): (1, 2.9583999999999997)
(20, 6): (1, 3.0976)
(20, 7): (1, 4.3264000000000005)
(20, 8): (3, 5.3824)
(20, 9): (3, 5.76)
(21, 0): (3, 5.017600000000001)
(21, 1): (3, 4.840000000000001)
(21, 2): (1, 3.8415999999999997)
(21, 3): (1, 2.9583999999999997)
(21, 4): (1, 2.6895999999999995)
(21, 5): (1, 2.6895999999999995)
(21, 6): (3, 2.9583999999999997)
(21, 7): (3, 3.8415999999999997)
(21, 8): (2, 4.840000000000001)
(21, 9): (1, 5.1983999999999995)
(22, 0): (1, 5.569599999999999)
(22, 1): (1, 5.1983999999999995)
(22, 2): (3, 3.8415999999999997)
(22, 3): (3, 2.9583999999999997)
(22, 4): (1, 2.8223999999999996)
(22, 5): (1, 2.8223999999999996)
(22, 6): (1, 3.0976)
(22, 7): (1, 4.0)
(22, 8): (3, 5.017600000000001)
(22, 9): (3, 5.1983999999999995)
(23, 0): (3, 5.569599999999999)
(23, 1): (3, 5.1983999999999995)
(23, 2): (1, 4.0)
(23, 3): (1, 3.24)
(23, 4): (1, 3.3856)
(23, 5): (1, 3.6864)
(23, 6): (2, 4.0)
(23, 7): (3, 4.840000000000001)
(23, 8): (2, 6.1504)
(23, 9): (1, 6.3504000000000005)
(24, 0): (3, 5.9536)
(24, 1): (3, 5.9536)
(24, 2): (3, 4.840000000000001)
(24, 3): (3, 4.0)
(24, 4): (1, 4.1616)
(24, 5): (1, 4.1616)
(24, 6): (3, 4.3264000000000005)
(24, 7): (3, 5.3824)
(24, 8): (3, 6.760000000000001)
(24, 9): (3, 6.969600000000001)
(25, 0): (1, 6.1504)
(25, 1): (1, 6.1504)
(25, 2): (3, 5.017600000000001)
(25, 3): (3, 4.1616)
(25, 4): (2, 4.1616)
(25, 5): (2, 4.1616)
(25, 6): (3, 4.3264000000000005)
(25, 7): (3, 5.3824)
(25, 8): (3, 6.760000000000001)
(25, 9): (3, 6.969600000000001)
(26, 0): (3, 5.1983999999999995)
(26, 1): (3, 5.569599999999999)
(26, 2): (3, 4.840000000000001)
(26, 3): (3, 4.3264000000000005)
(26, 4): (2, 4.494400000000001)
(26, 5): (1, 4.494400000000001)
(26, 6): (3, 4.494400000000001)
(26, 7): (3, 5.569599999999999)
(26, 8): (3, 6.760000000000001)
(26, 9): (3, 6.760000000000001)
(27, 0): (1, 4.840000000000001)
(27, 1): (2, 5.1983999999999995)
(27, 2): (3, 4.494400000000001)
(27, 3): (3, 4.1616)
(27, 4): (1, 4.1616)
(27, 5): (1, 3.8415999999999997)
(27, 6): (1, 3.8415999999999997)
(27, 7): (1, 4.840000000000001)
(27, 8): (3, 5.569599999999999)
(27, 9): (3, 5.569599999999999)
(28, 0): (2, 5.1983999999999995)
(28, 1): (3, 5.1983999999999995)
(28, 2): (1, 4.3264000000000005)
(28, 3): (1, 3.5343999999999998)
(28, 4): (1, 3.24)
(28, 5): (2, 3.24)
(28, 6): (3, 3.24)
(28, 7): (3, 4.0)
(28, 8): (1, 4.840000000000001)
(28, 9): (1, 4.840000000000001)
(29, 0): (2, 5.76)
(29, 1): (2, 5.569599999999999)
(29, 2): (3, 4.1616)
(29, 3): (3, 3.3856)
(29, 4): (1, 3.0976)
(29, 5): (1, 3.0976)
(29, 6): (1, 3.0976)
(29, 7): (1, 4.0)
(29, 8): (3, 4.840000000000001)
(29, 9): (3, 4.840000000000001)
(30, 0): (3, 5.3824)
(30, 1): (3, 5.3824)
(30, 2): (1, 4.0)
(30, 3): (1, 3.24)
(30, 4): (1, 3.3856)
(30, 5): (1, 3.6864)
(30, 6): (3, 3.6864)
(30, 7): (3, 4.6656)
(30, 8): (1, 5.569599999999999)
(30, 9): (1, 5.1983999999999995)
(31, 0): (3, 5.9536)
(31, 1): (3, 5.76)
(31, 2): (3, 4.1616)
(31, 3): (3, 3.0976)
(31, 4): (1, 3.24)
(31, 5): (1, 3.5343999999999998)
(31, 6): (3, 3.5343999999999998)
(31, 7): (3, 4.494400000000001)
(31, 8): (3, 5.569599999999999)
(31, 9): (3, 5.1983999999999995)
(32, 0): (1, 5.569599999999999)
(32, 1): (1, 5.3824)
(32, 2): (3, 3.8415999999999997)
(32, 3): (3, 2.9583999999999997)
(32, 4): (1, 3.24)
(32, 5): (1, 3.5343999999999998)
(32, 6): (3, 3.5343999999999998)
(32, 7): (3, 4.494400000000001)
(32, 8): (3, 5.569599999999999)
(32, 9): (3, 5.1983999999999995)
(33, 0): (3, 5.569599999999999)
(33, 1): (3, 5.3824)
(33, 2): (1, 3.8415999999999997)
(33, 3): (1, 2.9583999999999997)
(33, 4): (1, 3.24)
(33, 5): (1, 3.5343999999999998)
(33, 6): (3, 3.5343999999999998)
(33, 7): (3, 4.494400000000001)
(33, 8): (1, 5.569599999999999)
(33, 9): (1, 5.1983999999999995)
(34, 0): (1, 5.017600000000001)
(34, 1): (1, 5.017600000000001)
(34, 2): (3, 3.8415999999999997)
(34, 3): (3, 2.9583999999999997)
(34, 4): (1, 3.24)
(34, 5): (1, 3.5343999999999998)
(34, 6): (1, 3.5343999999999998)
(34, 7): (1, 4.494400000000001)
(34, 8): (3, 5.569599999999999)
(34, 9): (3, 5.1983999999999995)
(35, 0): (3, 5.1983999999999995)
(35, 1): (3, 5.017600000000001)
(35, 2): (1, 3.8415999999999997)
(35, 3): (1, 2.9583999999999997)
(35, 4): (1, 2.9583999999999997)
(35, 5): (1, 2.9583999999999997)
(35, 6): (3, 2.9583999999999997)
(35, 7): (3, 3.8415999999999997)
(35, 8): (1, 4.840000000000001)
(35, 9): (1, 4.840000000000001)
(36, 0): (3, 4.840000000000001)
(36, 1): (3, 4.840000000000001)
(36, 2): (3, 3.8415999999999997)
(36, 3): (3, 2.9583999999999997)
(36, 4): (1, 2.9583999999999997)
(36, 5): (1, 2.9583999999999997)
(36, 6): (3, 2.9583999999999997)
(36, 7): (3, 3.8415999999999997)
(36, 8): (3, 4.840000000000001)
(36, 9): (3, 4.840000000000001)
(37, 0): (1, 5.569599999999999)
(37, 1): (1, 5.569599999999999)
(37, 2): (3, 4.494400000000001)
(37, 3): (3, 3.24)
(37, 4): (1, 2.9583999999999997)
(37, 5): (1, 2.9583999999999997)
(37, 6): (1, 2.9583999999999997)
(37, 7): (1, 3.8415999999999997)
(37, 8): (3, 5.1983999999999995)
(37, 9): (3, 5.569599999999999)
(38, 0): (3, 5.1983999999999995)
(38, 1): (3, 5.569599999999999)
(38, 2): (1, 4.494400000000001)
(38, 3): (1, 3.5343999999999998)
(38, 4): (1, 3.5343999999999998)
(38, 5): (1, 3.24)
(38, 6): (3, 3.24)
(38, 7): (3, 4.494400000000001)
(38, 8): (1, 5.9536)
(38, 9): (1, 6.3504000000000005)
(39, 0): (3, 4.840000000000001)
(39, 1): (3, 4.840000000000001)
(39, 2): (3, 3.8415999999999997)
(39, 3): (3, 2.9583999999999997)
(39, 4): (1, 2.9583999999999997)
(39, 5): (1, 2.9583999999999997)
(39, 6): (1, 3.24)
(39, 7): (1, 4.494400000000001)
(39, 8): (3, 5.9536)
(39, 9): (3, 6.3504000000000005)
(40, 0): (1, 4.840000000000001)
(40, 1): (1, 4.840000000000001)
(40, 2): (3, 3.8415999999999997)
(40, 3): (3, 2.9583999999999997)
(40, 4): (1, 2.9583999999999997)
(40, 5): (1, 2.9583999999999997)
(40, 6): (3, 3.24)
(40, 7): (3, 4.494400000000001)
(40, 8): (3, 5.9536)
(40, 9): (3, 6.3504000000000005)
(41, 0): (3, 4.840000000000001)
(41, 1): (3, 4.840000000000001)
(41, 2): (1, 3.8415999999999997)
(41, 3): (1, 2.9583999999999997)
(41, 4): (1, 2.9583999999999997)
(41, 5): (1, 2.9583999999999997)
(41, 6): (3, 3.24)
(41, 7): (3, 4.494400000000001)
(41, 8): (3, 5.9536)
(41, 9): (3, 6.3504000000000005)
(42, 0): (1, 4.1616)
(42, 1): (1, 4.1616)
(42, 2): (3, 3.24)
(42, 3): (3, 2.6895999999999995)
(42, 4): (1, 2.9583999999999997)
(42, 5): (1, 2.9583999999999997)
(42, 6): (1, 3.24)
(42, 7): (1, 4.494400000000001)
(42, 8): (3, 5.569599999999999)
(42, 9): (3, 5.569599999999999)
(43, 0): (3, 4.840000000000001)
(43, 1): (3, 4.840000000000001)
(43, 2): (1, 3.8415999999999997)
(43, 3): (1, 2.9583999999999997)
(43, 4): (1, 2.9583999999999997)
(43, 5): (1, 2.9583999999999997)
(43, 6): (3, 2.9583999999999997)
(43, 7): (3, 3.8415999999999997)
(43, 8): (1, 4.840000000000001)
(43, 9): (1, 4.840000000000001)
(44, 0): (1, 5.1983999999999995)
(44, 1): (1, 5.569599999999999)
(44, 2): (3, 4.494400000000001)
(44, 3): (3, 3.5343999999999998)
(44, 4): (1, 3.5343999999999998)
(44, 5): (1, 3.24)
(44, 6): (1, 2.9583999999999997)
(44, 7): (1, 3.8415999999999997)
(44, 8): (3, 4.840000000000001)
(44, 9): (3, 4.840000000000001)
(45, 0): (3, 5.1983999999999995)
(45, 1): (3, 5.569599999999999)
(45, 2): (3, 4.494400000000001)
(45, 3): (3, 3.5343999999999998)
(45, 4): (1, 3.5343999999999998)
(45, 5): (1, 3.24)
(45, 6): (3, 2.9583999999999997)
(45, 7): (3, 3.8415999999999997)
(45, 8): (1, 4.840000000000001)
(45, 9): (1, 4.840000000000001)
(46, 0): (3, 4.494400000000001)
(46, 1): (3, 4.840000000000001)
(46, 2): (3, 3.8415999999999997)
(46, 3): (3, 3.24)
(46, 4): (1, 3.24)
(46, 5): (1, 2.6895999999999995)
(46, 6): (3, 2.4336)
(46, 7): (3, 3.24)
(46, 8): (3, 3.8415999999999997)
(46, 9): (3, 3.8415999999999997)
(47, 0): (1, 4.3264000000000005)
(47, 1): (1, 4.6656)
(47, 2): (3, 4.0)
(47, 3): (3, 3.3856)
(47, 4): (1, 3.3856)
(47, 5): (1, 3.0976)
(47, 6): (1, 2.8223999999999996)
(47, 7): (1, 3.3856)
(47, 8): (3, 4.0)
(47, 9): (3, 4.0)
(48, 0): (1, 2.8223999999999996)
(48, 1): (1, 3.0976)
(48, 2): (1, 2.8223999999999996)
(48, 3): (1, 2.5600000000000005)
(48, 4): (1, 2.5600000000000005)
(48, 5): (1, 2.3104)
(48, 6): (1, 2.3104)
(48, 7): (1, 2.8223999999999996)
(48, 8): (1, 3.0976)
(48, 9): (1, 3.0976)
(49, 0): (2, 2.0736)
(49, 1): (2, 2.0736)
(49, 2): (2, 1.8496000000000004)
(49, 3): (2, 1.8496000000000004)
(49, 4): (2, 1.8496000000000004)
(49, 5): (2, 1.6384)
(49, 6): (2, 1.6384)
(49, 7): (2, 1.8496000000000004)
(49, 8): (2, 1.8496000000000004)
(49, 9): (2, 1.8496000000000004)
(50, 0): (1, 1.44)
(50, 1): (1, 1.44)
(50, 2): (1, 1.44)
(50, 3): (1, 1.44)
(50, 4): (1, 1.44)
(50, 5): (1, 1.44)
(50, 6): (1, 1.44)
(50, 7): (1, 1.44)
(50, 8): (1, 1.44)
(50, 9): (1, 1.44)
(51, 0): (1, 1.44)
(51, 1): (1, 1.44)
(51, 2): (1, 1.44)
(51, 3): (1, 1.44)
(51, 4): (1, 1.44)
(51, 5): (1, 1.44)
(51, 6): (1, 1.44)
(51, 7): (1, 1.44)
(51, 8): (1, 1.44)
(51, 9): (1, 1.44)
(52, 0): (1, 1.0)
(52, 1): (1, 1.0)
(52, 2): (1, 1.0)
(52, 3): (1, 1.0)
(52, 4): (1, 1.0)
(52, 5): (1, 1.0)
(52, 6): (1, 1.0)
(52, 7): (1, 1.0)
(52, 8): (1, 1.0)
(52, 9): (1, 1.0)
(53, 0): (1, 1.0)
(53, 1): (1, 1.0)
(53, 2): (1, 1.0)
(53, 3): (1, 1.0)
(53, 4): (1, 1.0)
(53, 5): (1, 1.0)
(53, 6): (1, 1.0)
(53, 7): (1, 1.0)
(53, 8): (1, 1.0)
(53, 9): (1, 1.0)
(54, 0): (1, 1.0)
(54, 1): (1, 1.0)
(54, 2): (1, 1.0)
(54, 3): (1, 1.0)
(54, 4): (1, 1.0)
(54, 5): (1, 1.0)
(54, 6): (1, 1.0)
(54, 7): (1, 1.0)
(54, 8): (1, 1.0)
(54, 9): (1, 1.0)
(55, 0): (1, 1.0)
(55, 1): (1, 1.0)
(55, 2): (1, 1.0)
(55, 3): (1, 1.0)
(55, 4): (1, 1.0)
(55, 5): (1, 1.0)
(55, 6): (1, 1.0)
(55, 7): (1, 1.0)
(55, 8): (1, 1.0)
(55, 9): (1, 1.0)
